100
9010879
11
4461641
9999972
8248729
3910981
5001361
8184167
9999930
6865010
2044523
5
928009
3
9999163
2610613
2896297
1481717
4461643
8873129
2
3132736
1750607
7783893
4936439
10000000
8460583
3191803
1264969
9999997
7
2360890
2196613
983469
9682616
8237213
9999971
5462959
9999162
3855409
3410821
1862603
9325574
140839
9999973
9999161
4751053
1403870
3702389
6735763
9999929
615403
9999998
2872729
3023326
4170220
9999995
6513281
7762723
5331653
86293
3929879
390548
9516811
8763892
3323191
592432
5388168
1144
13
9999931
7742461
9971849
6697461
4461642
4
8697851
9999999
6463741
5103067
7551991
1
5094841
9987391
8603593
8291470
6716541
9309119
10
9
9999991
3949061
8
12
7203246
9999996
3877633
1281246
9299449
6
