95
4153 196591 1
1209 371972 7
1363 123520 8
4766 385349 3
2590 45700 5
121 131 1
22322 22322 1
7243 39232 6
2789 205886 5
2228 961000 6
981 265444 4
0 100 2
9390 517315 4
3901 458931 4
1329 665400 3
0 132 1
7977 626769 9
7800 282033 2
0 1000000000000000000 1
8764 690922 4
3825 934105 6
9332 549970 6
4017 755925 4
21345 4441283 13
5649 246089 1
3376 156586 6
352 116029 3
121 121 11
2965 769993 4
646 753992 3
5811 811662 1
8989 909410 5
9324 755359 1
1616 875376 6
999 99999 78788
100000 1000000000000000000 3
4827 379304 8
4401 792858 5
2433 588437 7
121 132 1
8135 346033 4
332 539995 7
400 793131 4
6673 645665 9
2035 587687 6
9523 81976 5
3491 376189 1
886 56750 8
8429 327368 2
3748 207521 4
3725 832955 1
34432 9999920 222
8892 186601 5
1108 708286 6
3286 977701 4
7597 115191 5
5303 577653 4
1002 914907 8
4131 988357 1
9046 160519 7
6574 530230 2
8229 384684 2
852 514597 2
9929 160753 4
3976 759716 7
5579 763362 2
573 319349 5
9628 221919 9
5230 55195 9
378 659223 5
6153 882984 8
10 22322 2
7558 716225 8
2739 884729 5
1405 52064 3
3568 887100 8
1000000000 1000000000000000000 1
5272 393026 2
1813 539974 3
9325 343906 8
9352 507517 9
4945 279540 7
2519 171840 3
5630 555906 6
1516 476245 5
5759 165757 6
0 1000000000000000000 1000000000
490 499674 1
39 1000000 3
6916 519450 6
1396 974496 5
6311 744038 5
7668 468727 8
2871 611476 1
9597 30751 2
