100
2035 587687 6
1002 914907 8
8621 305784 1
4766 385349 3
0 1000000000000000000 1
7668 468727 8
2851 217912 4
9523 81976 5
2789 205886 5
7800 282033 2
258 978067 6
34432 9999920 222
852 514597 2
2590 45700 5
22322 22322 1
5579 763362 2
0 100 2
5811 811662 1
2228 961000 6
5230 55195 9
0 132 1
378 659223 5
121 132 1
0 1000000000000000000 1000000000
3725 832955 1
490 499674 1
3976 759716 7
8135 346033 4
1000000000 1000000000000000000 1
6153 882984 8
4827 379304 8
3568 887100 8
121 121 11
8892 186601 5
4131 988357 1
7597 115191 5
9332 549970 6
1209 371972 7
9628 221919 9
1108 708286 6
5303 577653 4
2965 769993 4
3491 376189 1
8429 327368 2
121 131 1
3376 156586 6
3286 977701 4
400 793131 4
332 539995 7
1616 875376 6
3127 909969 3
2499 989424 7
1329 665400 3
9325 343906 8
9046 160519 7
1405 52064 3
21345 4441283 13
5649 246089 1
1813 539974 3
9390 517315 4
3748 207521 4
2519 171840 3
6574 530230 2
6916 519450 6
2871 611476 1
4017 755925 4
8989 909410 5
9597 30751 2
1396 974496 5
8764 690922 4
6673 645665 9
4153 196591 1
4945 279540 7
3901 458931 4
352 116029 3
7243 39232 6
10 22322 2
2739 884729 5
999 99999 78788
9324 755359 1
3825 934105 6
100000 1000000000000000000 3
5759 165757 6
646 753992 3
573 319349 5
5630 555906 6
6311 744038 5
8229 384684 2
7977 626769 9
2433 588437 7
4401 792858 5
9352 507517 9
886 56750 8
39 1000000 3
9929 160753 4
5272 393026 2
1516 476245 5
7558 716225 8
1363 123520 8
981 265444 4
